0.0167425	13028	16357
0.0151028	13031	16317
0.0150409	12965	16292
0.0136668	12990	16317
0.0124361	3129	2904
0.0107294	3102	2706
0.010126	12999	16292
0.00996936	3046	3129
0.00985028	11042	15532
0.00942204	12991	16292
0.00934477	15575	16292
0.00925978	13017	16317
0.00913031	3178	2768
0.0091001	13012	16292
0.00899568	12934	16317
0.0089842	12969	16292
0.00885543	12967	16292
0.00828043	12938	16317
0.00825877	12995	16292
0.00784915	6710	3451
0.00716418	12992	16292
0.00700107	13003	16292
0.00696244	12942	16292
0.0059537	12945	16292
0.00514671	13050	16292
0.00461953	13180	11100
0.00332517	2904	13017
0.00298471	3135	2904
0.00257751	2706	12999
0.000670217	13180	12990
0.000351339	2768	12967
0.000307168	2817	12999
1.29331e-07	11082	6710
0	2768	2768
0	2768	13050
0	2768	11100
0	2768	12942
0	2768	12934
0	2768	12965
0	2768	6710
0	2768	3102
0	2768	12938
0	2768	13017
0	2768	16357
0	2768	15575
0	2768	3129
0	2768	2817
0	2768	15532
0	2768	12995
0	2768	13003
0	2768	12991
0	2768	16317
0	2768	13012
0	2768	12992
0	2768	11113
0	2768	12990
0	2768	13172
0	2768	16292
0	2768	3383
0	2768	12945
0	2768	12969
0	2768	2706
0	2768	3135
0	2768	2904
0	2768	13180
0	2768	3178
0	2768	11040
0	2768	13031
0	2768	11093
0	2768	13075
0	2768	11082
0	2768	3046
0	2768	11042
0	2768	12999
0	2768	13028
0	2768	7765
0	2768	3451
0	13050	2768
0	13050	13050
0	13050	11100
0	13050	12942
0	13050	12934
0	13050	12965
0	13050	6710
0	13050	3102
0	13050	12938
0	13050	13017
0	13050	16357
0	13050	15575
0	13050	3129
0	13050	2817
0	13050	15532
0	13050	12995
0	13050	13003
0	13050	12991
0	13050	16317
0	13050	13012
0	13050	12992
0	13050	11113
0	13050	12990
0	13050	13172
0	13050	3383
0	13050	12945
0	13050	12969
0	13050	2706
0	13050	3135
0	13050	2904
0	13050	13180
0	13050	3178
0	13050	11040
0	13050	13031
0	13050	11093
0	13050	12967
0	13050	13075
0	13050	11082
0	13050	3046
0	13050	11042
0	13050	12999
0	13050	13028
0	13050	7765
0	13050	3451
0	11100	2768
0	11100	13050
0	11100	11100
0	11100	12942
0	11100	12934
0	11100	12965
0	11100	6710
0	11100	3102
0	11100	12938
0	11100	13017
0	11100	16357
0	11100	15575
0	11100	3129
0	11100	2817
0	11100	15532
0	11100	12995
0	11100	13003
0	11100	12991
0	11100	16317
0	11100	13012
0	11100	12992
0	11100	11113
0	11100	12990
0	11100	13172
0	11100	16292
0	11100	3383
0	11100	12945
0	11100	12969
0	11100	2706
0	11100	3135
0	11100	2904
0	11100	13180
0	11100	3178
0	11100	11040
0	11100	13031
0	11100	11093
0	11100	12967
0	11100	13075
0	11100	11082
0	11100	3046
0	11100	11042
0	11100	12999
0	11100	13028
0	11100	7765
0	11100	3451
0	12942	2768
0	12942	13050
0	12942	11100
0	12942	12942
0	12942	12934
0	12942	12965
0	12942	6710
0	12942	3102
0	12942	12938
0	12942	13017
0	12942	16357
0	12942	15575
0	12942	3129
0	12942	2817
0	12942	15532
0	12942	12995
0	12942	13003
0	12942	12991
0	12942	16317
0	12942	13012
0	12942	12992
0	12942	11113
0	12942	12990
0	12942	13172
0	12942	3383
0	12942	12945
0	12942	12969
0	12942	2706
0	12942	3135
0	12942	2904
0	12942	13180
0	12942	3178
0	12942	11040
0	12942	13031
0	12942	11093
0	12942	12967
0	12942	13075
0	12942	11082
0	12942	3046
0	12942	11042
0	12942	12999
0	12942	13028
0	12942	7765
0	12942	3451
0	12934	2768
0	12934	13050
0	12934	11100
0	12934	12942
0	12934	12934
0	12934	12965
0	12934	6710
0	12934	3102
0	12934	12938
0	12934	13017
0	12934	16357
0	12934	15575
0	12934	3129
0	12934	2817
0	12934	15532
0	12934	12995
0	12934	13003
0	12934	12991
0	12934	13012
0	12934	12992
0	12934	11113
0	12934	12990
0	12934	13172
0	12934	16292
0	12934	3383
0	12934	12945
0	12934	12969
0	12934	2706
0	12934	3135
0	12934	2904
0	12934	13180
0	12934	3178
0	12934	11040
0	12934	13031
0	12934	11093
0	12934	12967
0	12934	13075
0	12934	11082
0	12934	3046
0	12934	11042
0	12934	12999
0	12934	13028
0	12934	7765
0	12934	3451
0	12965	2768
0	12965	13050
0	12965	11100
0	12965	12942
0	12965	12934
0	12965	12965
0	12965	6710
0	12965	3102
0	12965	12938
0	12965	13017
0	12965	16357
0	12965	15575
0	12965	3129
0	12965	2817
0	12965	15532
0	12965	12995
0	12965	13003
0	12965	12991
0	12965	16317
0	12965	13012
0	12965	12992
0	12965	11113
0	12965	12990
0	12965	13172
0	12965	3383
0	12965	12945
0	12965	12969
0	12965	2706
0	12965	3135
0	12965	2904
0	12965	13180
0	12965	3178
0	12965	11040
0	12965	13031
0	12965	11093
0	12965	12967
0	12965	13075
0	12965	11082
0	12965	3046
0	12965	11042
0	12965	12999
0	12965	13028
0	12965	7765
0	12965	3451
0	6710	2768
0	6710	13050
0	6710	11100
0	6710	12942
0	6710	12934
0	6710	12965
0	6710	6710
0	6710	3102
0	6710	12938
0	6710	13017
0	6710	16357
0	6710	15575
0	6710	3129
0	6710	2817
0	6710	15532
0	6710	12995
0	6710	13003
0	6710	12991
0	6710	16317
0	6710	13012
0	6710	12992
0	6710	11113
0	6710	12990
0	6710	13172
0	6710	16292
0	6710	3383
0	6710	12945
0	6710	12969
0	6710	2706
0	6710	3135
0	6710	2904
0	6710	13180
0	6710	3178
0	6710	11040
0	6710	13031
0	6710	11093
0	6710	12967
0	6710	13075
0	6710	11082
0	6710	3046
0	6710	11042
0	6710	12999
0	6710	13028
0	6710	7765
0	3102	2768
0	3102	13050
0	3102	11100
0	3102	12942
0	3102	12934
0	3102	12965
0	3102	6710
0	3102	3102
0	3102	12938
0	3102	13017
0	3102	16357
0	3102	15575
0	3102	3129
0	3102	2817
0	3102	15532
0	3102	12995
0	3102	13003
0	3102	12991
0	3102	16317
0	3102	13012
0	3102	12992
0	3102	11113
0	3102	12990
0	3102	13172
0	3102	16292
0	3102	3383
0	3102	12945
0	3102	12969
0	3102	3135
0	3102	2904
0	3102	13180
0	3102	3178
0	3102	11040
0	3102	13031
0	3102	11093
0	3102	12967
0	3102	13075
0	3102	11082
0	3102	3046
0	3102	11042
0	3102	12999
0	3102	13028
0	3102	7765
0	3102	3451
0	12938	2768
0	12938	13050
0	12938	11100
0	12938	12942
0	12938	12934
0	12938	12965
0	12938	6710
0	12938	3102
0	12938	12938
0	12938	13017
0	12938	16357
0	12938	15575
0	12938	3129
0	12938	2817
0	12938	15532
0	12938	12995
0	12938	13003
0	12938	12991
0	12938	13012
0	12938	12992
0	12938	11113
0	12938	12990
0	12938	13172
0	12938	16292
0	12938	3383
0	12938	12945
0	12938	12969
0	12938	2706
0	12938	3135
0	12938	2904
0	12938	13180
0	12938	3178
0	12938	11040
0	12938	13031
0	12938	11093
0	12938	12967
0	12938	13075
0	12938	11082
0	12938	3046
0	12938	11042
0	12938	12999
0	12938	13028
0	12938	7765
0	12938	3451
0	13017	2768
0	13017	13050
0	13017	11100
0	13017	12942
0	13017	12934
0	13017	12965
0	13017	6710
0	13017	3102
0	13017	12938
0	13017	13017
0	13017	16357
0	13017	15575
0	13017	3129
0	13017	2817
0	13017	15532
0	13017	12995
0	13017	13003
0	13017	12991
0	13017	13012
0	13017	12992
0	13017	11113
0	13017	12990
0	13017	13172
0	13017	16292
0	13017	3383
0	13017	12945
0	13017	12969
0	13017	2706
0	13017	3135
0	13017	2904
0	13017	13180
0	13017	3178
0	13017	11040
0	13017	13031
0	13017	11093
0	13017	12967
0	13017	13075
0	13017	11082
0	13017	3046
0	13017	11042
0	13017	12999
0	13017	13028
0	13017	7765
0	13017	3451
0	16357	2768
0	16357	13050
0	16357	11100
0	16357	12942
0	16357	12934
0	16357	12965
0	16357	6710
0	16357	3102
0	16357	12938
0	16357	13017
0	16357	16357
0	16357	15575
0	16357	3129
0	16357	2817
0	16357	15532
0	16357	12995
0	16357	13003
0	16357	12991
0	16357	16317
0	16357	13012
0	16357	12992
0	16357	11113
0	16357	12990
0	16357	13172
0	16357	16292
0	16357	3383
