0.00749976	438	1020
0.0073429	863	32576
0.00572113	11	275
0.00437714	13861	32551
0.00379734	275	863
0.00164319	13847	13847
0.00158726	13883	32587
0.00143317	13939	13939
0.00106356	13905	32710
0.00104564	399	863
0.000984847	14005	14005
0.000981918	465	863
0.00095815	13939	13883
0.000764715	13864	13864
0.000635309	13883	13883
0.00039143	3318	26403
0.000259015	13839	13839
0.000247753	13970	26443
0.000207058	3246	26403
0.000133667	286	1020
0.00012267	13968	13864
0.000117642	14005	13847
0.000108721	3246	13968
8.67157e-05	32698	13861
8.29278e-05	13840	13840
7.58389e-05	13970	14005
6.03087e-05	13970	13970
3.66587e-05	3318	13861
1.8995e-05	13970	13847
1.74995e-05	3079	26403
1.44404e-05	26443	13886
1.30591e-05	26403	13886
1.05995e-05	13864	14005
9.72691e-06	3246	13970
8.53001e-06	3318	13968
6.04232e-06	3246	26443
3.38058e-06	13886	13886
3.26988e-06	13839	13942
3.20436e-06	3318	13864
3.15866e-06	13839	13847
3.13501e-06	32551	13861
2.98887e-06	3246	13847
2.40802e-06	13883	13939
9.13956e-07	13864	13970
8.96827e-07	13864	13847
8.93854e-07	32583	13861
8.50453e-07	32710	13939
8.3286e-07	3079	13847
6.83074e-07	26533	26533
6.82861e-07	13847	14005
6.78024e-07	26498	13839
6.64271e-07	26443	14005
6.49116e-07	32551	13942
6.10635e-07	32551	13970
5.86046e-07	402	402
5.60829e-07	13968	13861
5.55322e-07	3318	13847
3.63555e-07	465	1020
2.43852e-07	13968	465
0	32606	32606
0	32606	1147
0	32606	13970
0	32606	399
0	32606	13703
0	32606	13883
0	32606	1165
0	32606	3246
0	32606	32587
0	32606	13905
0	32606	14005
0	32606	458
0	32606	26608
0	32606	26429
0	32606	26394
0	32606	13840
0	32606	32576
0	32606	402
0	32606	3318
0	32606	13864
0	32606	13847
0	32606	32710
0	32606	13839
0	32606	863
0	32606	465
0	32606	32698
0	32606	26533
0	32606	275
0	32606	1058
0	32606	32583
0	32606	26498
0	32606	13861
0	32606	32551
0	32606	286
0	32606	13942
0	32606	13886
0	32606	14067
0	32606	13968
0	32606	11
0	32606	26443
0	32606	13939
0	32606	1020
0	32606	3079
0	32606	26403
0	32606	438
0	1147	32606
0	1147	1147
0	1147	13970
0	1147	399
0	1147	13703
0	1147	13883
0	1147	1165
0	1147	3246
0	1147	32587
0	1147	13905
0	1147	14005
0	1147	458
0	1147	26608
0	1147	26429
0	1147	26394
0	1147	13840
0	1147	32576
0	1147	402
0	1147	3318
0	1147	13864
0	1147	13847
0	1147	32710
0	1147	13839
0	1147	863
0	1147	465
0	1147	32698
0	1147	26533
0	1147	275
0	1147	1058
0	1147	32583
0	1147	26498
0	1147	13861
0	1147	32551
0	1147	286
0	1147	13942
0	1147	13886
0	1147	14067
0	1147	13968
0	1147	11
0	1147	26443
0	1147	13939
0	1147	1020
0	1147	3079
0	1147	26403
0	1147	438
0	13970	32606
0	13970	1147
0	13970	399
0	13970	13703
0	13970	13883
0	13970	1165
0	13970	3246
0	13970	32587
0	13970	13905
0	13970	458
0	13970	26608
0	13970	26429
0	13970	26394
0	13970	13840
0	13970	32576
0	13970	402
0	13970	3318
0	13970	13864
0	13970	32710
0	13970	13839
0	13970	863
0	13970	465
0	13970	32698
0	13970	26533
0	13970	275
0	13970	1058
0	13970	32583
0	13970	26498
0	13970	13861
0	13970	32551
0	13970	286
0	13970	13942
0	13970	13886
0	13970	14067
0	13970	13968
0	13970	11
0	13970	13939
0	13970	1020
0	13970	3079
0	13970	26403
0	13970	438
0	399	32606
0	399	1147
0	399	13970
0	399	399
0	399	13703
0	399	13883
0	399	1165
0	399	3246
0	399	32587
0	399	14005
0	399	458
0	399	26608
0	399	26429
0	399	26394
0	399	13840
0	399	32576
0	399	402
0	399	3318
0	399	13864
0	399	13847
0	399	32710
0	399	13839
0	399	465
0	399	32698
0	399	26533
0	399	275
0	399	1058
0	399	32583
0	399	26498
0	399	13861
0	399	32551
0	399	286
0	399	13942
0	399	13886
0	399	14067
0	399	13968
0	399	11
0	399	26443
0	399	13939
0	399	1020
0	399	3079
0	399	26403
0	399	438
0	13703	32606
0	13703	1147
0	13703	13970
0	13703	399
0	13703	13703
0	13703	13883
0	13703	1165
0	13703	3246
0	13703	32587
0	13703	13905
0	13703	14005
0	13703	458
0	13703	26608
0	13703	26429
0	13703	26394
0	13703	13840
0	13703	32576
0	13703	402
0	13703	3318
0	13703	13864
0	13703	13847
0	13703	32710
0	13703	13839
0	13703	863
0	13703	465
0	13703	32698
0	13703	26533
0	13703	275
0	13703	1058
0	13703	32583
0	13703	26498
0	13703	13861
0	13703	32551
0	13703	286
0	13703	13942
0	13703	13886
0	13703	14067
0	13703	13968
0	13703	11
0	13703	26443
0	13703	13939
0	13703	1020
0	13703	3079
0	13703	26403
0	13703	438
0	13883	32606
0	13883	1147
0	13883	13970
0	13883	399
0	13883	13703
0	13883	1165
0	13883	3246
0	13883	14005
0	13883	458
0	13883	26608
0	13883	26429
0	13883	26394
0	13883	13840
0	13883	32576
0	13883	402
0	13883	3318
0	13883	13864
0	13883	13847
0	13883	32710
0	13883	13839
0	13883	863
0	13883	465
0	13883	32698
0	13883	26533
0	13883	275
0	13883	1058
0	13883	32583
0	13883	26498
0	13883	13861
0	13883	32551
0	13883	286
0	13883	13942
0	13883	13886
0	13883	14067
0	13883	13968
0	13883	11
0	13883	26443
0	13883	1020
0	13883	3079
0	13883	26403
0	13883	438
0	1165	32606
0	1165	1147
0	1165	13970
0	1165	399
0	1165	13703
0	1165	13883
0	1165	1165
0	1165	3246
0	1165	32587
0	1165	13905
0	1165	14005
0	1165	458
0	1165	26608
0	1165	26429
0	1165	26394
0	1165	13840
0	1165	32576
0	1165	402
0	1165	3318
0	1165	13864
0	1165	13847
0	1165	32710
0	1165	13839
0	1165	863
0	1165	465
0	1165	32698
0	1165	26533
0	1165	275
0	1165	1058
0	1165	32583
0	1165	26498
0	1165	13861
0	1165	32551
0	1165	286
0	1165	13942
0	1165	13886
0	1165	14067
0	1165	13968
0	1165	11
0	1165	26443
0	1165	13939
0	1165	1020
0	1165	3079
0	1165	26403
0	1165	438
0	3246	32606
0	3246	1147
0	3246	399
0	3246	13703
0	3246	13883
0	3246	1165
0	3246	3246
0	3246	32587
0	3246	13905
0	3246	14005
0	3246	458
0	3246	26608
0	3246	26429
0	3246	26394
0	3246	13840
0	3246	32576
0	3246	402
0	3246	3318
0	3246	13864
0	3246	32710
0	3246	13839
0	3246	863
0	3246	465
0	3246	32698
0	3246	26533
0	3246	275
0	3246	1058
0	3246	32583
0	3246	26498
0	3246	13861
0	3246	32551
0	3246	286
0	3246	13942
0	3246	13886
0	3246	14067
0	3246	11
0	3246	13939
0	3246	1020
0	3246	3079
0	3246	438
0	32587	32606
0	32587	1147
0	32587	13970
0	32587	399
0	32587	13703
0	32587	13883
0	32587	1165
0	32587	3246
0	32587	32587
0	32587	13905
0	32587	14005
0	32587	458
0	32587	26608
0	32587	26429
0	32587	26394
0	32587	13840
0	32587	32576
0	32587	402
0	32587	3318
0	32587	13864
0	32587	13847
0	32587	32710
0	32587	13839
0	32587	863
0	32587	465
0	32587	32698
0	32587	26533
0	32587	275
0	32587	1058
0	32587	32583
0	32587	26498
0	32587	13861
0	32587	32551
0	32587	286
0	32587	13942
0	32587	13886
0	32587	14067
0	32587	13968
0	32587	11
0	32587	26443
0	32587	13939
0	32587	1020
0	32587	3079
0	32587	26403
0	32587	438
0	13905	32606
0	13905	1147
0	13905	13970
0	13905	399
0	13905	13703
0	13905	13883
0	13905	1165
0	13905	3246
0	13905	32587
0	13905	13905
0	13905	14005
0	13905	458
0	13905	26608
0	13905	26429
0	13905	26394
0	13905	13840
0	13905	32576
0	13905	402
0	13905	3318
0	13905	13864
0	13905	13847
0	13905	13839
0	13905	863
0	13905	465
0	13905	32698
0	13905	26533
0	13905	275
0	13905	1058
0	13905	32583
0	13905	26498
0	13905	13861
0	13905	32551
0	13905	286
0	13905	13942
0	13905	13886
0	13905	14067
0	13905	13968
0	13905	11
0	13905	26443
0	13905	13939
0	13905	1020
0	13905	3079
0	13905	26403
0	13905	438
0	14005	32606
0	14005	1147
0	14005	13970
0	14005	399
0	14005	13703
0	14005	13883
0	14005	1165
